6.544984694978736028e-01 4.220035448696150132e-03 2.947135541507221583e-04
1.308996938995747206e+00 3.142293625316863823e-03 2.355806027660416603e-04
1.963495408493620697e+00 2.189183418550077771e-03 2.032259137351352641e-04
2.617993877991494411e+00 1.687934879478191321e-03 1.922118019653039453e-04
3.272492347489368125e+00 1.409559219150500597e-03 1.947557470080001497e-04
3.926990816987241395e+00 1.235654040831483036e-03 2.076638251864340427e-04
4.581489286485115109e+00 1.103022965122898210e-03 2.298414873858448690e-04
5.235987755982988823e+00 9.713811849139573039e-04 2.610248417609592215e-04
5.890486225480862537e+00 8.117071000331446901e-04 3.009527617639944953e-04
6.544984694978736250e+00 6.066244723626050290e-04 3.486489583811105963e-04
7.199483164476609964e+00 3.614423348948918335e-04 4.020690569662337208e-04
7.853981633974482790e+00 1.203484052028329642e-04 4.596208677650438974e-04
8.508480103472356504e+00 -4.368734389810754516e-05 5.261870865925161525e-04
9.162978572970230218e+00 -1.081671229433897043e-04 6.181441199892764859e-04
9.817477042468103932e+00 -1.503530743795874927e-04 7.379885258094390351e-04
1.047197551196597765e+01 -1.810548306780663088e-04 8.218413896962065320e-04
1.112647398146385136e+01 -9.390972044277646580e-05 7.802260517478348248e-04
1.178097245096172507e+01 7.673385174314319070e-05 6.208681158142329926e-04
1.243547092045959879e+01 1.963997485747745562e-04 4.357825822429026098e-04
1.308996938995747250e+01 2.253889492456619234e-04 3.006942646492639340e-04
1.374446785945534621e+01 1.995683970217299833e-04 2.395696545765303720e-04
1.439896632895321993e+01 1.566324676813471276e-04 2.303707437027277972e-04
1.505346479845109364e+01 1.156174941060935117e-04 2.379809065131950163e-04
1.570796326794896558e+01 8.262750521319559916e-05 2.443978685144855209e-04
