6.283185307179586232e-01 7.368004107605684826e-04 4.454137343309742011e-04
1.256637061435917246e+00 1.258472805415193803e-03 4.930718624075004297e-04
1.884955592153875870e+00 1.101081794257989088e-03 4.469622904173101759e-04
2.513274122871834493e+00 9.021137701179256620e-04 4.175722820407523042e-04
3.141592653589793116e+00 7.506756100224791636e-04 4.089415686583869943e-04
3.769911184307751739e+00 6.381813108828537830e-04 4.181386347156210723e-04
4.398229715025710362e+00 5.481455550107440598e-04 4.432743121747016821e-04
5.026548245743668986e+00 4.670462508667526510e-04 4.834822190950641705e-04
5.654866776461627609e+00 3.846665728555606558e-04 5.381895633213177677e-04
6.283185307179586232e+00 2.942724814642531136e-04 6.063676252120219282e-04
6.911503837897544855e+00 1.946122074671166060e-04 6.860346793570350080e-04
7.539822368615503478e+00 9.384424301163961108e-05 7.750028566216763748e-04
8.168140899333462102e+00 1.138807803053225644e-05 8.753073122400724208e-04
8.796459430051420725e+00 -3.402024853845375690e-05 1.001996249775723548e-03
9.424777960769379348e+00 -5.216616446541024572e-05 1.178393749741841329e-03
1.005309649148733797e+01 -7.212043557219657744e-05 1.377837672174335752e-03
1.068141502220529659e+01 -7.298415464742334397e-05 1.466049619287714727e-03
1.130973355292325522e+01 -1.547016322099921228e-05 1.324561251136837595e-03
1.193805208364121384e+01 6.248261900063880757e-05 1.019036652411005068e-03
1.256637061435917246e+01 1.064162442946269460e-04 7.112326669028685511e-04
1.319468914507713109e+01 1.112489324040481656e-04 5.055142422298835973e-04
1.382300767579508971e+01 9.597586493320200735e-05 4.201636904932044793e-04
1.445132620651304833e+01 7.566623246989400580e-05 4.108088905025901526e-04
1.507964473723100696e+01 5.710949102966083192e-05 4.255169543713868468e-04
1.570796326794896558e+01 4.223322550047185889e-05 4.392090271477296776e-04
