6.283185307179586232e-01 -2.999066634692182506e-08 3.940602557237353746e-06
1.256637061435917246e+00 2.715386633976635215e-08 1.553259999887501589e-05
1.884955592153875870e+00 5.420213971204823544e-07 3.410368893046196963e-05
2.513274122871834493e+00 1.934418771378183345e-06 5.858887131114640426e-05
3.141592653589793116e+00 4.483607694640241610e-06 8.760816660215881848e-05
3.769911184307751739e+00 8.205601429668761144e-06 1.195645351400522079e-04
4.398229715025710362e+00 1.283389414148306362e-05 1.527522254709617834e-04
5.026548245743668986e+00 1.788966547632135469e-05 1.854651502450806459e-04
5.654866776461627609e+00 2.279930290687488565e-05 2.160959329499456206e-04
6.283185307179586232e+00 2.701489575187238787e-05 2.432186116712551109e-04
6.911503837897544855e+00 3.010701097000165224e-05 2.656510039765929213e-04
7.539822368615503478e+00 3.181661759208495051e-05 2.824957544405159310e-04
8.168140899333462102e+00 3.206707137419271918e-05 2.931615641862170664e-04
8.796459430051420725e+00 3.094516978370250791e-05 2.973677366874773382e-04
9.424777960769379348e+00 2.866306702889062326e-05 2.951359291130303537e-04
1.005309649148733797e+01 2.551208961175063951e-05 2.867730724666269241e-04
1.068141502220529659e+01 2.181701288740271115e-05 2.728491802265865058e-04
1.130973355292325522e+01 1.789646098931854234e-05 2.541736541720137667e-04
1.193805208364121384e+01 1.403251632889379155e-05 2.317741836919210970e-04
1.256637061435917246e+01 1.045064971590562685e-05 2.068837705368854003e-04
1.319468914507713109e+01 7.309702097257399719e-06 1.809434379031995741e-04
1.382300767579508971e+01 4.700736935610762838e-06 1.556271336844732738e-04
1.445132620651304833e+01 2.653004267107377275e-06 1.328751089070689278e-04
1.507964473723100696e+01 1.144927733563108090e-06 1.148367624185990483e-04
1.570796326794896558e+01 1.179126238095307098e-07 1.034452458206715811e-04
