6.283185307179586232e-01 -3.823372187570228995e-08 1.973470450391472025e-05
1.256637061435917246e+00 1.429252565364258476e-06 7.770418432745892254e-05
1.884955592153875870e+00 8.071034525521270938e-06 1.702885079935501859e-04
2.513274122871834493e+00 2.327914785277655977e-05 2.917522853848066012e-04
3.141592653589793116e+00 4.821587176847685620e-05 4.347151275098084448e-04
3.769911184307751739e+00 8.126080850118313516e-05 5.907803444591615575e-04
4.398229715025710362e+00 1.187059190534085952e-04 7.512276031375682457e-04
5.026548245743668986e+00 1.559909437450471737e-04 9.076660475712910970e-04
5.654866776461627609e+00 1.888535245386833517e-04 1.052567795968384432e-03
6.283185307179586232e+00 2.140830269311947993e-04 1.179637380415933219e-03
6.911503837897544855e+00 2.298317702537076336e-04 1.284008817650771636e-03
7.539822368615503478e+00 2.355791186572560065e-04 1.362292048195888443e-03
8.168140899333462102e+00 2.318873152206549551e-04 1.412509799608794485e-03
8.796459430051420725e+00 2.200745438182138839e-04 1.433972646209301935e-03
9.424777960769379348e+00 2.018932556718823468e-04 1.427135848608804486e-03
1.005309649148733797e+01 1.792614658314960207e-04 1.393470644730099121e-03
1.068141502220529659e+01 1.540627679192823382e-04 1.335369790556765112e-03
1.130973355292325522e+01 1.280109721941783947e-04 1.256096220351579813e-03
1.193805208364121384e+01 1.025664866058718824e-04 1.159777169886828420e-03
1.256637061435917246e+01 7.889055114677602986e-05 1.051444521798827574e-03
1.319468914507713109e+01 5.782655460501189064e-05 9.371217559970125652e-04
1.382300767579508971e+01 3.990190184355242212e-05 8.239417178941202532e-04
1.445132620651304833e+01 2.534725847006455819e-05 7.201937157576797366e-04
1.507964473723100696e+01 1.413151404611312427e-05 6.349326658264715928e-04
1.570796326794896558e+01 6.010425663154706020e-06 5.763515736844559631e-04
