0.000000000000000000e+00 nan nan
6.544984694978736028e-01 -9.015074538239797306e-08 6.768802281838109043e-06
1.308996938995747206e+00 1.482063920761920274e-06 2.661593886598522579e-05
1.963495408493620697e+00 8.894998249276912293e-06 5.819771877772634259e-05
2.617993877991494411e+00 2.577884605562196727e-05 9.939566896144460823e-05
3.272492347489368125e+00 5.298988231402453921e-05 1.475062642486970547e-04
3.926990816987241395e+00 8.818781782724748010e-05 1.994902346658843019e-04
4.581489286485115109e+00 1.268666260496488095e-04 2.522405301911461242e-04
5.235987755982988823e+00 1.638873214933828169e-04 3.028267746167628404e-04
5.890486225480862537e+00 1.947719851495318798e-04 3.486858091860669476e-04
6.544984694978736250e+00 2.164521422968911557e-04 3.877438386474277797e-04
7.199483164476609964e+00 2.274822960871810470e-04 4.184709339058979784e-04
7.853981633974482790e+00 2.278756662236776213e-04 4.398803812826784679e-04
8.508480103472356504e+00 2.187449403263713114e-04 4.514917697751955625e-04
9.162978572970230218e+00 2.018947723572514941e-04 4.532775276989461487e-04
9.817477042468103932e+00 1.794568128245450141e-04 4.456092312025727344e-04
1.047197551196597765e+01 1.536069673645403119e-04 4.292146026634074876e-04
1.112647398146385136e+01 1.263692787514133998e-04 4.051508001135196101e-04
1.178097245096172507e+01 9.949264260371932980e-05 3.747958677920026232e-04
1.243547092045959879e+01 7.438164009858866746e-05 3.398587463241064220e-04
1.308996938995747250e+01 5.206562809313226354e-05 3.024081900171476283e-04
1.374446785945534621e+01 3.319593789081864136e-05 2.649168608652621823e-04
1.439896632895321993e+01 1.806612554782930047e-05 2.302893187934519810e-04
1.505346479845109364e+01 6.652855896554967906e-06 2.017454858888186010e-04
1.570796326794896558e+01 -1.325150871284961379e-06 1.822501705707782981e-04
