0.000000000000000000e+00 nan nan
6.544984694978736028e-01 1.060937835112785141e-07 1.189896978533645748e-05
1.308996938995747206e+00 1.001852288997346469e-05 4.677046293582961839e-05
1.963495408493620697e+00 4.909035700753669842e-05 1.021062945556273135e-04
2.617993877991494411e+00 1.291405332769818455e-04 1.738061470680266301e-04
3.272492347489368125e+00 2.459894167171890276e-04 2.565969130382268325e-04
3.926990816987241395e+00 3.827845183531189996e-04 3.446845393788411740e-04
4.581489286485115109e+00 5.182433179052310483e-04 4.324228536841124020e-04
5.235987755982988823e+00 6.337429235843481789e-04 5.148509526590176093e-04
5.890486225480862537e+00 7.170854967860478555e-04 5.880298652138438251e-04
6.544984694978736250e+00 7.632046937367915028e-04 6.491662099196614721e-04
7.199483164476609964e+00 7.729322244896866517e-04 6.965571787929924477e-04
7.853981633974482790e+00 7.509768212483129398e-04 7.294215498972437964e-04
8.508480103472356504e+00 7.039517515889536945e-04 7.476879315227788611e-04
9.162978572970230218e+00 6.388843967723244590e-04 7.517979661414814999e-04
9.817477042468103932e+00 5.623102823040784445e-04 7.425600133556764472e-04
1.047197551196597765e+01 4.798579933213960400e-04 7.210680222412257359e-04
1.112647398146385136e+01 3.961593253954435946e-04 6.886857840795378117e-04
1.178097245096172507e+01 3.149256566583483272e-04 6.470886905276534854e-04
1.243547092045959879e+01 2.390728841384793656e-04 5.983510961899995463e-04
1.308996938995747250e+01 1.708253614192915403e-04 5.450633973209039699e-04
1.374446785945534621e+01 1.117713947041272629e-04 4.904512274581145559e-04
1.439896632895321993e+01 6.287494333185804330e-05 4.384317258031119788e-04
1.505346479845109364e+01 2.446895594892907881e-05 3.934483020294563677e-04
1.570796326794896558e+01 -3.735851785527870511e-06 3.597906989467304856e-04
