0.000000000000000000e+00 nan nan
6.544984694978736028e-01 7.851403192908793611e-04 1.439756740372577200e-04
1.308996938995747206e+00 1.253174092129861594e-03 1.547763652974186400e-04
1.963495408493620697e+00 1.071838458799909176e-03 1.398035059175020678e-04
2.617993877991494411e+00 8.709382168946108076e-04 1.311661747180978158e-04
3.272492347489368125e+00 7.220758811040586117e-04 1.294890474037977042e-04
3.926990816987241395e+00 6.116276910618707093e-04 1.337596239925261114e-04
4.581489286485115109e+00 5.215145469884224869e-04 1.434033866748481829e-04
5.235987755982988823e+00 4.375080785678095116e-04 1.581633391312052789e-04
5.890486225480862537e+00 3.492077307060962492e-04 1.778084684706825235e-04
6.544984694978736250e+00 2.508406385675368512e-04 2.018584147531986815e-04
7.199483164476609964e+00 1.446565270263397570e-04 2.295013038452210481e-04
7.853981633974482790e+00 4.565641015616932744e-05 2.603300138005153869e-04
8.508480103472356504e+00 -2.173936619180864333e-05 2.969523957259525074e-04
9.162978572970230218e+00 -5.009360548778317874e-05 3.473275615507695653e-04
9.817477042468103932e+00 -6.962480872381263152e-05 4.132731754098781089e-04
1.047197551196597765e+01 -8.515193799860043490e-05 4.614950650294069611e-04
1.112647398146385136e+01 -4.496021130042464320e-05 4.393432085877467638e-04
1.178097245096172507e+01 3.728335635578787076e-05 3.483910621136208658e-04
1.243547092045959879e+01 9.394004121015029447e-05 2.431894756168688249e-04
1.308996938995747250e+01 1.061446632786768881e-04 1.679030869146719469e-04
1.374446785945534621e+01 9.298068347089895715e-05 1.345240917636463928e-04
1.439896632895321993e+01 7.272358941567844343e-05 1.296887181219958784e-04
1.505346479845109364e+01 5.388461024476711391e-05 1.343438389343463470e-04
1.570796326794896558e+01 3.890234803763412770e-05 1.388919023214895353e-04
