6.283185307179586232e-01 1.349508900682852942e-05 3.006839995004909996e-05
1.256637061435917246e+00 8.767777733004755996e-05 6.773990819050178941e-05
1.884955592153875870e+00 1.516092739038765269e-04 8.330722126106577803e-05
2.513274122871834493e+00 1.717505705373639086e-04 8.807425178410976713e-05
3.141592653589793116e+00 1.650716902189825331e-04 9.052763704610047792e-05
3.769911184307751739e+00 1.465778026835670234e-04 9.385432497302215172e-05
4.398229715025710362e+00 1.232003871726309100e-04 9.914277837556729578e-05
5.026548245743668986e+00 9.760619786110311233e-05 1.067575524549241550e-04
5.654866776461627609e+00 7.098905318029580019e-05 1.167893506623739170e-04
6.283185307179586232e+00 4.462042595017717139e-05 1.292424782920262175e-04
6.911503837897544855e+00 2.068596725158901371e-05 1.442658965952835334e-04
7.539822368615503478e+00 2.213401130553762536e-06 1.626107132183870899e-04
8.168140899333462102e+00 -8.699093626761111435e-06 1.861721190334671302e-04
8.796459430051420725e+00 -1.394710346212406143e-05 2.173388268261055461e-04
9.424777960769379348e+00 -1.894944935002221923e-05 2.546328522023798150e-04
1.005309649148733797e+01 -2.416476208725057911e-05 2.859954114076057792e-04
1.068141502220529659e+01 -2.093381255920121324e-05 2.915739566635444928e-04
1.130973355292325522e+01 -5.290888454227626838e-06 2.618799499600580087e-04
1.193805208364121384e+01 1.357581664414482265e-05 2.086700173606358436e-04
1.256637061435917246e+01 2.562036271066929832e-05 1.531372232753979204e-04
1.319468914507713109e+01 2.900031413400881741e-05 1.111237586837509277e-04
1.382300767579508971e+01 2.683698535773487479e-05 8.910206665942871102e-05
1.445132620651304833e+01 2.244397936100547581e-05 8.401775034581561083e-05
1.507964473723100696e+01 1.777769331280794105e-05 8.719797190660390196e-05
1.570796326794896558e+01 1.367001219596154743e-05 9.213251262124778256e-05
