0.000000000000000000e+00 nan nan
6.544984694978736028e-01 7.858803998918872675e-04 3.219340186232261280e-04
1.308996938995747206e+00 1.254289822014695256e-03 3.460858001558336176e-04
1.963495408493620697e+00 1.072991982069208860e-03 3.126065505995258742e-04
2.617993877991494411e+00 8.720730419105180353e-04 2.932933611722007340e-04
3.272492347489368125e+00 7.231972005390275172e-04 2.895432352680845983e-04
3.926990816987241395e+00 6.127513401057953354e-04 2.990922681130018406e-04
4.581489286485115109e+00 5.226557245762961145e-04 3.206558456946553490e-04
5.235987755982988823e+00 4.386788772939809134e-04 3.536593267873205482e-04
5.890486225480862537e+00 3.504172235628402808e-04 3.975861699879760722e-04
6.544984694978736250e+00 2.520971457639006874e-04 4.513622957250624048e-04
7.199483164476609964e+00 1.459744597142048498e-04 5.131723678579151347e-04
7.853981633974482790e+00 4.707230422811221790e-05 5.821061172740347621e-04
8.508480103472356504e+00 -2.013954307785752380e-05 6.639948715524956460e-04
9.162978572970230218e+00 -4.815522431182728009e-05 7.766355283869563883e-04
9.817477042468103932e+00 -6.717512591263243200e-05 9.240924894668330059e-04
1.047197551196597765e+01 -8.215439035425334269e-05 1.031919139429433776e-03
1.112647398146385136e+01 -4.161988281947515231e-05 9.823887297447154478e-04
1.178097245096172507e+01 4.063992621185832368e-05 7.790195554615017082e-04
1.243547092045959879e+01 9.706104896888234591e-05 5.437885178675062750e-04
1.308996938995747250e+01 1.089149768550399269e-04 3.754479823472904251e-04
1.374446785945534621e+01 9.538020061796643784e-05 3.008109600480702184e-04
1.439896632895321993e+01 7.477662471773171844e-05 2.899960734273431375e-04
1.505346479845109364e+01 5.563056773002586101e-05 3.004022900669727891e-04
1.570796326794896558e+01 4.038273802111547368e-05 3.105699337152252148e-04
