1.000000000000000000e+00 1.452266659842852553e-02
1.300000000000000044e+00 2.697222031219067770e-02
1.600000000000000089e+00 4.552408988592480249e-02
1.900000000000000133e+00 7.217502418001285613e-02
2.200000000000000178e+00 1.093352261584455837e-01
2.500000000000000000e+00 1.598511474290885137e-01
2.800000000000000266e+00 2.269538954458966140e-01
3.100000000000000533e+00 3.143270105665403324e-01
3.400000000000000355e+00 4.259956658595964729e-01
3.700000000000000178e+00 5.665310098624546375e-01
4.000000000000000000e+00 7.408045549208138736e-01
4.300000000000000711e+00 9.541008696070696349e-01
4.600000000000000533e+00 1.212144631816993501e+00
4.900000000000000355e+00 1.521074351583403095e+00
5.200000000000001066e+00 1.887531686159352962e+00
5.500000000000000888e+00 2.318542870465928996e+00
5.800000000000000711e+00 2.821404474956369590e+00
6.100000000000000533e+00 3.403918938149709472e+00
6.400000000000000355e+00 4.074302987335900461e+00
6.700000000000001066e+00 4.841187638575825680e+00
7.000000000000000888e+00 5.713618196701276908e+00
7.300000000000000711e+00 6.701054255314979891e+00
7.600000000000001421e+00 7.813369696790573471e+00
7.900000000000001243e+00 9.060852692272627351e+00
