1.000000000000000000e+00 7.775515178767258674e-06
1.300000000000000044e+00 3.640877815508087971e-05
1.600000000000000089e+00 1.235697323697657936e-04
1.900000000000000133e+00 3.377653445301420079e-04
2.200000000000000178e+00 7.902168712976876969e-04
2.500000000000000000e+00 1.643248195464975950e-03
2.800000000000000266e+00 3.113646743260234037e-03
3.100000000000000533e+00 5.468502053523916287e-03
3.400000000000000355e+00 9.011627921797115554e-03
3.700000000000000178e+00 1.405996964016931888e-02
4.000000000000000000e+00 2.091132291329134488e-02
4.300000000000000711e+00 2.980691639181846583e-02
4.600000000000000533e+00 4.089436122198243651e-02
4.900000000000000355e+00 5.419747393381382089e-02
5.200000000000001066e+00 6.959901005784245587e-02
5.500000000000000888e+00 8.684029415470689850e-02
5.800000000000000711e+00 1.055385279119974429e-01
6.100000000000000533e+00 1.252190697807708253e-01
6.400000000000000355e+00 1.453571971726470569e-01
6.700000000000001066e+00 1.654225161481791828e-01
7.000000000000000888e+00 1.849194890669744185e-01
7.300000000000000711e+00 2.034191908118814507e-01
7.600000000000001421e+00 2.205797282865919196e-01
7.900000000000001243e+00 2.361550676871879695e-01
