0.000000000000000000e+00 0.000000000000000000e+00 0.000000000000000000e+00
6.283185307179586232e-01 -1.213721928614890193e-05 1.311635863333753890e-07
1.256637061435917246e+00 -4.893782479972886418e-05 5.118571278458424817e-07
1.884955592153875870e+00 -1.117507607462961638e-04 1.108090320467464633e-06
2.513274122871834493e+00 -2.024437558171121164e-04 1.873597460351233904e-06
3.141592653589793116e+00 -3.154543313995053369e-04 2.761088046245629565e-06
3.769911184307751739e+00 -4.675387917815662371e-04 3.739290751290742728e-06
4.398229715025710362e+00 -6.425154814587456711e-04 4.790829364416957204e-06
5.026548245743668986e+00 -8.490563452526752415e-04 5.953000295664230870e-06
5.654866776461627609e+00 -1.060230669203089974e-03 7.357666834905875112e-06
6.283185307179586232e+00 -1.252194342503494626e-03 9.408547900042473101e-06
6.911503837897544855e+00 -1.426223923876965933e-03 1.278597354002601683e-05
7.539822368615503478e+00 -1.541628079841862687e-03 1.807262231854659824e-05
8.168140899333462102e+00 -1.496776173017998375e-03 2.525351746847447309e-05
8.796459430051420725e+00 -1.457733733347359954e-03 3.367108191372238373e-05
9.424777960769379348e+00 -1.145621894675582630e-03 4.218022883152847303e-05
1.005309649148733797e+01 -7.856013046497487082e-04 4.915220928463316847e-05
1.068141502220529659e+01 -4.806086423081548415e-04 5.265856373759126560e-05
1.130973355292325522e+01 -3.498365239744440362e-04 5.190518581930501674e-05
1.193805208364121384e+01 -5.966540408461743671e-05 4.752834697877012090e-05
1.256637061435917246e+01 -1.786705128436874001e-05 4.117460597712660730e-05
1.319468914507713109e+01 -8.376193833473531062e-05 3.430882790854442542e-05
1.382300767579508971e+01 -1.812581673009846486e-04 2.791204095474379389e-05
1.445132620651304833e+01 -2.002333162845140063e-04 nan
1.507964473723100696e+01 -2.225447867745008307e-04 nan
1.570796326794896558e+01 -2.435876380989270202e-04 nan
1.633628179866692420e+01 -2.946652701773003983e-04 nan
1.696460032938488283e+01 -3.571063334536034263e-04 nan
1.759291886010284145e+01 -3.153779213925984892e-04 nan
1.822123739082080007e+01 -3.211839107970887951e-04 nan
1.884955592153875870e+01 -2.974802620339196050e-04 1.098978775634372540e-05
1.947787445225671732e+01 -2.640521543994966318e-04 1.029652079641411278e-05
