6.283185307179586232e+00 3.447947182451641782e-07 1.884458128322764173e-05
6.471680866394973641e+00 -5.614615300711969071e-05 2.037072517364770682e-05
6.660176425610361051e+00 -5.271109710960631003e-05 2.189787514803633186e-05
6.848671984825748460e+00 -2.962629236129772205e-05 2.345406873951110544e-05
7.037167544041135869e+00 -1.292555128081252636e-05 2.501257447231052203e-05
7.225663103256523279e+00 -4.480500626867442448e-05 2.659805753877808558e-05
7.414158662471910688e+00 -1.077730081672576549e-04 2.825547328130749233e-05
7.602654221687298097e+00 -9.744072033528610496e-05 3.000818169619028065e-05
7.791149780902685507e+00 -1.166563975231460764e-04 3.186290003773628289e-05
7.979645340118072916e+00 -9.517189379370103917e-05 3.393141080133623035e-05
8.168140899333460325e+00 -1.046204437608740193e-04 3.619799543925092481e-05
8.356636458548848623e+00 -1.085401762925918809e-04 3.863567098185330243e-05
8.545132017764235144e+00 -1.401264887066391959e-04 4.132669978767339585e-05
8.733627576979621665e+00 -8.681847206800332090e-05 4.424221832750073940e-05
8.922123136195009963e+00 -2.451386536435559444e-04 4.725972855082427956e-05
9.110618695410398260e+00 -2.212833118478835779e-04 5.043917325918596557e-05
9.299114254625784781e+00 -2.725713470906851758e-04 5.377569733116235645e-05
9.487609813841171302e+00 -3.026232470350201723e-04 5.736096570067878580e-05
9.676105373056559600e+00 -5.061919997860249302e-04 6.151478806990723152e-05
9.864600932271947897e+00 -3.335846981537853224e-04 6.639867695837120597e-05
1.005309649148733442e+01 -3.585960957663523476e-04 7.216989660548583973e-05
1.024159205070272094e+01 -4.231666517615570986e-04 7.861616096074647514e-05
1.043008760991810924e+01 -6.374704867962237807e-04 8.541836498902148351e-05
1.061858316913349753e+01 -6.744322914301025809e-04 9.267355122356565162e-05
1.080707872834888406e+01 -5.976692147382019378e-04 1.006114149714210928e-04
1.099557428756427058e+01 -4.116720779705068125e-04 1.087020784635499922e-04
