1.000000000000000056e-01 6.361499347354693155e-09 2.205833393666095522e-09
7.283185307179586010e-01 6.937573430072439679e-08 1.171632958822259483e-07
1.356637061435917335e+00 6.824153897502489987e-07 4.086257351453133864e-07
1.984955592153875958e+00 1.611644598310542767e-06 8.871202811914759591e-07
2.613274122871834582e+00 3.959347669974165349e-06 1.583223680128583486e-06
3.241592653589793205e+00 7.745793797389056493e-06 2.550762741872024703e-06
3.869911184307751828e+00 -1.196196422991305762e-06 3.862452526456556501e-06
4.498229715025710007e+00 -4.137490042719998195e-06 5.609429554855308757e-06
5.126548245743668630e+00 -2.461459108988895087e-05 7.911746621921761179e-06
5.754866776461627254e+00 -4.193009700799695195e-05 1.103954390870148681e-05
6.383185307179585877e+00 -6.008915646463613552e-05 1.540460680295775855e-05
7.011503837897544500e+00 -7.134819618647374575e-05 2.148132935287629393e-05
7.639822368615503123e+00 -7.030699108096791835e-05 2.954097904493872294e-05
8.268140899333461746e+00 9.213136106354891810e-06 3.925486221343824729e-05
8.896459430051420370e+00 -1.044758168429474403e-04 4.955293111176924592e-05
9.524777960769378993e+00 -4.379630835171919088e-05 5.885662579153962094e-05
1.015309649148733762e+01 -2.696604199840838499e-05 6.496850045150717181e-05
1.078141502220529624e+01 -6.379952358663570992e-07 6.558464805585512809e-05
1.140973355292325486e+01 -1.559717709184214949e-04 6.009410794683643078e-05
1.203805208364121349e+01 2.147310700905562443e-05 4.987606154030922706e-05
1.266637061435917211e+01 1.658962727671591119e-05 3.767236373500655919e-05
1.329468914507713073e+01 -1.191403863227228736e-05 2.596068635826528242e-05
1.392300767579508936e+01 -1.273318764697376156e-05 1.689363629125319928e-05
1.455132620651304798e+01 2.287528801649217348e-05 1.292812292772957382e-05
1.517964473723100660e+01 1.870947688914096629e-05 1.441491992119937588e-05
1.580796326794896522e+01 4.876842671349595843e-06 1.781189925796266294e-05
1.643628179866692562e+01 -2.926158664110675035e-06 2.091011984795701639e-05
1.706460032938488425e+01 5.479974206149669741e-06 2.312673897995021178e-05
1.769291886010284287e+01 2.416135851341232144e-05 2.441075708693673680e-05
1.832123739082080149e+01 3.287320624896044430e-05 2.488142727927157981e-05
1.894955592153876012e+01 -5.816224341851183828e-06 2.468379113549139475e-05
1.957787445225671874e+01 2.688574381584735921e-05 2.395048019106526505e-05
