0.000000000000000000e+00 0.000000000000000000e+00 0.000000000000000000e+00
6.283185307179586232e-01 -2.853777657246904015e-06 9.426470474655304414e-08
1.256637061435917246e+00 -1.115236559325958189e-05 3.732539727464907115e-07
1.884955592153875870e+00 -2.399036420458339146e-05 8.319234756056359226e-07
2.513274122871834493e+00 -4.385327469917745565e-05 1.479076876375285707e-06
3.141592653589793116e+00 -7.028074591508188282e-05 2.340955425781642950e-06
3.769911184307751739e+00 -1.161089572970561400e-04 3.480574586972689548e-06
4.398229715025710362e+00 -1.553080708196009408e-04 4.952710561961608249e-06
5.026548245743668986e+00 -2.406542313481901474e-04 6.912275802138074813e-06
5.654866776461627609e+00 -3.044118700085867487e-04 9.535803971320384642e-06
6.283185307179586232e+00 -3.767771520414722546e-04 1.332458358206751046e-05
6.911503837897544855e+00 -4.311266348270743095e-04 1.875700403535929663e-05
7.539822368615503478e+00 -4.677125504248269301e-04 2.625493893581767253e-05
8.168140899333462102e+00 -3.956074024648734621e-04 3.558584224149261244e-05
8.796459430051420725e+00 -4.550453928338118168e-04 4.585023167836608355e-05
9.424777960769379348e+00 -3.205122675879202567e-04 5.558685865877708947e-05
1.005309649148733797e+01 -1.963211420239750792e-04 6.271967139062210081e-05
1.068141502220529659e+01 -7.141112673028560587e-05 6.485449397282894905e-05
1.130973355292325522e+01 -1.665596541114778076e-04 6.098260478541609673e-05
1.193805208364121384e+01 4.265993530910110323e-05 5.209305443895605994e-05
1.256637061435917246e+01 2.968068205011130877e-05 4.072896369646952861e-05
1.319468914507713109e+01 -1.529493141885964201e-05 2.933109140875507102e-05
1.382300767579508971e+01 -4.966196595839921706e-05 1.977432644565610816e-05
1.445132620651304833e+01 -3.695691608762179310e-05 1.380855583739057199e-05
1.507964473723100696e+01 -5.238140396327651107e-05 1.264589812258407505e-05
1.570796326794896558e+01 -7.490965212279502444e-05 1.460584233366937808e-05
1.633628179866692420e+01 -9.201056182025017501e-05 1.712965957570287395e-05
1.696460032938488283e+01 -8.416187734314864769e-05 1.913171377458880174e-05
1.759291886010284145e+01 -7.357736745470543397e-05 2.036185048686654772e-05
1.822123739082080007e+01 -8.258289164318620868e-05 2.084950061902878540e-05
1.884955592153875870e+01 -9.023399348294401168e-05 2.075874334944175436e-05
1.947787445225671732e+01 -5.396022759683094039e-05 2.016897884088162730e-05
