6.283185307179586232e+00 -6.772205771670883985e-04 5.103707284797828655e-05
6.346017160251381739e+00 -8.484458500712489326e-04 5.097647562054229402e-05
6.408849013323177246e+00 -7.877004192054497689e-04 5.080133023478074108e-05
6.471680866394972753e+00 -7.264751473569218843e-04 5.060211574938908527e-05
6.534512719466768260e+00 -8.214324514383274534e-04 5.030189172877243893e-05
6.597344572538563767e+00 -8.091287692940483814e-04 4.995820958728789193e-05
6.660176425610359274e+00 -9.932361040183089289e-04 4.954706135985779243e-05
6.723008278682154781e+00 -1.025354699912053250e-03 4.906116095430072642e-05
6.785840131753950288e+00 -1.174623538367487166e-03 4.838602492005592145e-05
6.848671984825745795e+00 -1.206189724074689402e-03 4.756082195087455621e-05
6.911503837897541302e+00 -1.295849146721847738e-03 4.675423218497447352e-05
6.974335690969336810e+00 -1.385085146051292680e-03 4.566205913262511099e-05
7.037167544041132317e+00 -1.531056257340406837e-03 4.454167389248464738e-05
7.099999397112927824e+00 -1.701034462882228347e-03 4.308654753760976194e-05
7.162831250184723331e+00 -1.694977426740474410e-03 4.158024956776574355e-05
7.225663103256518838e+00 -1.850206329601863237e-03 3.977890769196982949e-05
7.288494956328314345e+00 -1.918812476708111345e-03 3.790435649434720721e-05
7.351326809400109852e+00 -1.995231046125672380e-03 3.589804770457501198e-05
7.414158662471905359e+00 -2.195175264790787551e-03 3.371868534199829235e-05
7.476990515543700866e+00 -2.235943918739575521e-03 3.136191912182839713e-05
7.539822368615496373e+00 -2.291081401538939185e-03 2.887556792609235459e-05
7.602654221687291880e+00 -2.391143450922230632e-03 2.635523039088767360e-05
7.665486074759087387e+00 -2.499849675477261099e-03 2.378653540336743592e-05
7.728317927830882894e+00 -2.429961623355624510e-03 2.127991967376187973e-05
7.791149780902678401e+00 -2.514681852746265042e-03 1.923069478523516725e-05
7.853981633974473908e+00 -2.538809373029712966e-03 1.790781263314999712e-05
7.916813487046269415e+00 -2.418836218972205982e-03 1.771342565263822575e-05
7.979645340118064922e+00 -2.224896343708182220e-03 1.902754791029644108e-05
8.042477193189860429e+00 -2.069559617182605699e-03 2.188225427265717458e-05
8.105309046261655936e+00 -1.887445514371315688e-03 2.604795485002208533e-05
8.168140899333451443e+00 -1.592811468993523888e-03 3.129143823746475221e-05
8.230972752405246951e+00 -1.201206916827561588e-03 3.733546921551135554e-05
8.293804605477042458e+00 -7.889441265681528502e-04 4.418944829102230482e-05
8.356636458548837965e+00 -3.329501093979174171e-04 5.173537068324335581e-05
8.419468311620633472e+00 2.292536246223014545e-04 5.980910536634575787e-05
8.482300164692428979e+00 9.814057472839973501e-04 6.853765660770659920e-05
8.545132017764224486e+00 1.533281294692547545e-03 7.779855692972004991e-05
8.607963870836019993e+00 2.234871224939424979e-03 8.754695398689878692e-05
8.670795723907815500e+00 3.411569020561277220e-03 9.772637714855388893e-05
8.733627576979611007e+00 4.072093410008595371e-03 1.082763114436421887e-04
8.796459430051406514e+00 4.952863328965443485e-03 1.191459172788602347e-04
8.859291283123202021e+00 6.178610531200227213e-03 1.305246016667591655e-04
8.922123136194997528e+00 6.823474173409210981e-03 1.417560483805255136e-04
8.984954989266793035e+00 7.665111802317613014e-03 1.527882534233931933e-04
9.047786842338588542e+00 8.128651711242648736e-03 1.636927246193645700e-04
9.110618695410384049e+00 8.447248348740362192e-03 1.739876954445578841e-04
9.173450548482179556e+00 8.983661862774897089e-03 1.835337651541233219e-04
9.236282401553975063e+00 8.702017486239584446e-03 1.919167223260006996e-04
9.299114254625770570e+00 8.689193165694523643e-03 1.990738175621145482e-04
9.361946107697566077e+00 8.357593056569544154e-03 2.048523498647287372e-04
9.424777960769361584e+00 8.002911719291204429e-03 2.089340605638473694e-04
9.487609813841157091e+00 7.285874560701205427e-03 2.108847594809535187e-04
9.550441666912952599e+00 6.432887993352312712e-03 2.113209451388571548e-04
9.613273519984748106e+00 5.598802524278815619e-03 2.095286132385568080e-04
9.676105373056543613e+00 4.258724678571879432e-03 2.063461230161293394e-04
9.738937226128339120e+00 2.997954713081724468e-03 2.011693428754123729e-04
9.801769079200134627e+00 2.450360399238722762e-03 1.941135228897811595e-04
9.864600932271930134e+00 1.722409190790712055e-03 1.859335307100633218e-04
9.927432785343725641e+00 2.795998855235414882e-04 1.762735944235426801e-04
9.990264638415521148e+00 -5.833576560936911543e-04 1.662669547745124188e-04
1.005309649148731665e+01 -1.069383021807485861e-03 1.562985963629865544e-04
1.011592834455911216e+01 -1.690476043280835080e-03 1.480789561778533673e-04
1.017876019763090767e+01 -2.327155450649104861e-03 1.430493035236424096e-04
1.024159205070270318e+01 -1.972971904047177844e-03 1.430965688884145391e-04
1.030442390377449868e+01 -1.536433146114894299e-03 1.499659497626040718e-04
1.036725575684629419e+01 -1.072728790073279592e-03 1.635310522102835311e-04
1.043008760991808970e+01 3.904379896243278408e-04 1.833011900071055886e-04
1.049291946298988520e+01 1.479587847630688385e-03 2.069787246503277224e-04
1.055575131606168071e+01 2.218325665407754228e-03 2.330822541866766056e-04
1.061858316913347622e+01 3.160359550795415091e-03 2.585440556595096449e-04
1.068141502220527173e+01 3.199132178233272256e-03 2.815644171094177414e-04
1.074424687527706723e+01 3.505625302292066439e-03 2.994630855208735070e-04
1.080707872834886274e+01 2.233772161331693418e-03 3.103260749219479146e-04
1.086991058142065825e+01 2.553067722113671278e-04 3.121809496163871077e-04
1.093274243449245375e+01 -5.467496496849779276e-04 3.050286579870570866e-04
1.099557428756424926e+01 -8.360274595440573588e-04 2.931776622038784717e-04
1.105840614063604477e+01 -1.268375334610079633e-03 2.848229022587537716e-04
