6.283185307179586232e+00 -2.190125591673561637e-06 4.032444169058798988e-05
6.408849013323178134e+00 -2.329653759599709898e-04 3.989315412012664659e-05
6.534512719466770037e+00 -2.634419108624386436e-04 3.927644213292485716e-05
6.660176425610361939e+00 -3.660747783311023469e-04 3.833201764319417519e-05
6.785840131753953841e+00 -5.400884732896085510e-04 3.711024063532455524e-05
6.911503837897545743e+00 -7.285075768451423819e-04 3.537550676371391115e-05
7.037167544041137646e+00 -9.778540870702861001e-04 3.330475208194392774e-05
7.162831250184729548e+00 -1.136818238591234386e-03 3.073326811585699555e-05
7.288494956328321450e+00 -1.393973960818756762e-03 2.784656175641201471e-05
7.414158662471913352e+00 -1.584719052313182707e-03 2.484173649062971110e-05
7.539822368615505255e+00 -1.752613304676498311e-03 2.233176065893110988e-05
7.665486074759097157e+00 -1.849987907867898683e-03 2.143808119411637551e-05
7.791149780902689059e+00 -1.870781790199532073e-03 2.345461108943121660e-05
7.916813487046280962e+00 -1.843775394860984592e-03 2.907825247369673943e-05
8.042477193189872864e+00 -1.488927273351861678e-03 3.792087988177161222e-05
8.168140899333465654e+00 -1.005381126538891197e-03 4.950842996922133390e-05
8.293804605477056668e+00 -2.405204754335818886e-04 6.357394852970631345e-05
8.419468311620647683e+00 9.183253305092973400e-04 7.991232942486969676e-05
8.545132017764240473e+00 2.398977683973711056e-03 9.864825528594901817e-05
8.670795723907833263e+00 4.028416166685797051e-03 1.193786766533076120e-04
8.796459430051424278e+00 5.975394709065267630e-03 1.417923129443618717e-04
8.922123136195015292e+00 7.859490280972426107e-03 1.651817958636779690e-04
9.047786842338608082e+00 9.722471521021619836e-03 1.878701298826406419e-04
9.173450548482200873e+00 1.001109948130704010e-02 2.088850298527675730e-04
9.299114254625791887e+00 1.011033222208650162e-02 2.254299654249322985e-04
9.424777960769382901e+00 8.966905934777532131e-03 2.356592769278846643e-04
9.550441666912975691e+00 7.596340951459147617e-03 2.387111429491464015e-04
9.676105373056568482e+00 5.669283565138102769e-03 2.340957933866619515e-04
9.801769079200159496e+00 3.145132255869466809e-03 2.220435493013907789e-04
9.927432785343750510e+00 5.719356395428693788e-04 2.045136941569666877e-04
1.005309649148734330e+01 -1.260008320032921349e-03 1.855693721897800925e-04
1.017876019763093609e+01 -2.070992857713008489e-03 1.733883194077198242e-04
1.030442390377452710e+01 -1.613026225527123495e-03 1.809612451836103573e-04
1.043008760991811812e+01 4.396153292689611346e-04 2.144183312948333832e-04
1.055575131606171091e+01 3.635175742061863384e-03 2.644759149910012245e-04
1.068141502220530370e+01 6.244452588939292462e-03 3.140488724272269094e-04
1.080707872834889471e+01 4.733358954969944278e-03 3.428200950333150127e-04
1.093274243449248573e+01 1.717481610962385370e-03 3.372725456807698359e-04
1.105840614063607852e+01 1.992044520625030173e-03 3.174503777284700214e-04
