6.283185307179586232e+00 2.998236161382271956e-04 8.277133904352441344e-05
6.408849013323178134e+00 3.958895205308973200e-04 8.114569394845988991e-05
6.534512719466770037e+00 3.904661197668504746e-04 7.950773663392419728e-05
6.660176425610361939e+00 6.848450984964306364e-04 7.830765385626674529e-05
6.785840131753953841e+00 9.985969174815638449e-04 7.775484628145630441e-05
6.911503837897545743e+00 1.232658207764512166e-03 7.796981124655764039e-05
7.037167544041137646e+00 1.467735290529081004e-03 7.922749887786828841e-05
7.162831250184729548e+00 1.598149993645044380e-03 8.118643857470285896e-05
7.288494956328321450e+00 1.414383236934234345e-03 8.342062556127568336e-05
7.414158662471913352e+00 1.242807878337248489e-03 8.558051360721269916e-05
7.539822368615505255e+00 5.806665699369231498e-04 8.724938438847160496e-05
7.665486074759097157e+00 -3.172851259756733562e-04 8.704322819571941414e-05
7.791149780902689059e+00 -1.230205838848889713e-03 8.539724227102267007e-05
7.916813487046280962e+00 -2.499173108499684864e-03 8.114993594680385643e-05
8.042477193189872864e+00 -3.802585177877631280e-03 7.452903487528331596e-05
8.168140899333465654e+00 -5.021272655711018704e-03 6.514450548606538424e-05
8.293804605477056668e+00 -6.258192706918472639e-03 5.336666961772206039e-05
8.419468311620647683e+00 -6.934372486049270555e-03 4.098726806212694496e-05
8.545132017764240473e+00 -7.274206364426854220e-03 3.356645488535918106e-05
8.670795723907833263e+00 -6.918519234280308405e-03 4.145265522796319068e-05
8.796459430051424278e+00 -5.683822544512766306e-03 6.466593511524326016e-05
8.922123136195015292e+00 -3.701139336419770071e-03 9.753690340759203000e-05
9.047786842338608082e+00 -2.016611504710891809e-04 1.380162085798008933e-04
9.173450548482200873e+00 4.718123720202107435e-03 1.858167468872837615e-04
9.299114254625791887e+00 1.036260280042219754e-02 2.414803797289557976e-04
9.424777960769382901e+00 1.796945068661508216e-02 3.037598661905899201e-04
9.550441666912975691e+00 2.542091778882620001e-02 3.703937715310753583e-04
9.676105373056568482e+00 2.991819432848869670e-02 4.340648069859803825e-04
9.801769079200159496e+00 3.083391397047171786e-02 4.840150253339286601e-04
9.927432785343750510e+00 2.442288500740753127e-02 5.095579178837916518e-04
1.005309649148734330e+01 1.895123446506326997e-02 5.084104036709800444e-04
1.017876019763093609e+01 1.487818909239511066e-02 4.786858317887768147e-04
1.030442390377452710e+01 8.547093786495648521e-03 4.232490555687082171e-04
1.043008760991811812e+01 2.988819678513981743e-03 3.488759837668785704e-04
1.055575131606171091e+01 -6.682327047240378551e-04 2.862659704271488061e-04
1.068141502220530370e+01 8.484159286414223733e-04 3.081085434857121891e-04
1.080707872834889471e+01 7.545438541852776855e-03 4.343942573750916728e-04
1.093274243449248573e+01 1.350900450864766719e-02 5.843335943869486541e-04
1.105840614063607852e+01 1.016511215569089639e-02 6.646366247488081583e-04
