5.340707511102648297e+00 1.280170767111318765e-04 3.787284501661979347e-05
5.654866776461627609e+00 1.843661601588389665e-05 3.821060087480196329e-05
5.969026041820606920e+00 1.191974917191728839e-04 3.824733910681482103e-05
6.283185307179586232e+00 7.628043963521272358e-05 3.779304563436507695e-05
6.597344572538565544e+00 -1.663273495452053568e-04 3.642975895115531918e-05
6.911503837897544855e+00 -5.900291985884969365e-04 3.314408224548593421e-05
7.225663103256524167e+00 -1.173987103117820740e-03 2.772135174644665775e-05
7.539822368615503478e+00 -1.613308911618187985e-03 2.269148883811359377e-05
7.853981633974482790e+00 -1.721476726240030565e-03 2.939359838557293865e-05
8.168140899333462102e+00 -8.281329737037777415e-04 5.420865045032918447e-05
8.482300164692441413e+00 1.732412937497690604e-03 9.427559408393523170e-05
8.796459430051420725e+00 6.075908902698354090e-03 1.474635671070410089e-04
9.110618695410400036e+00 1.023469490008383463e-02 2.052249937386011716e-04
9.424777960769379348e+00 8.955373529065089461e-03 2.429543380468185702e-04
9.738937226128358660e+00 4.679695930232107698e-03 2.363546534950040760e-04
1.005309649148733797e+01 -1.310675761986748082e-03 1.931123389901660467e-04
1.036725575684631728e+01 -8.184849356543874837e-04 2.025151124061944953e-04
1.068141502220529659e+01 6.610502850615727032e-03 3.221201676753462765e-04
1.099557428756427591e+01 2.130815749565718835e-03 3.330648597073667598e-04
1.130973355292325522e+01 -1.654521317853287253e-03 4.523695428619621886e-04
1.162389281828223453e+01 -5.549840042745442063e-03 5.579976103324249710e-04
1.193805208364121384e+01 nan nan
1.225221134900019315e+01 nan nan
