6.283185307179586232e+00 7.431846952754385394e-02 7.910480879107656144e-04
6.408849013323178134e+00 7.303298652443272754e-02 8.082607541190879119e-04
6.534512719466770037e+00 7.054079046262765051e-02 8.214425158344921185e-04
6.660176425610361939e+00 7.109984057551468895e-02 8.320367432565848329e-04
6.785840131753953841e+00 7.067861065730278447e-02 8.376075281792191981e-04
6.911503837897545743e+00 7.032455092400245744e-02 8.394448341012714044e-04
7.037167544041137646e+00 7.056782142853540440e-02 8.347559277596073787e-04
7.162831250184729548e+00 6.843523774253441883e-02 8.239955557476252206e-04
7.288494956328321450e+00 6.857616051246785693e-02 8.080679240247586048e-04
7.414158662471913352e+00 6.993313107128792949e-02 7.845733815141742000e-04
7.539822368615505255e+00 6.975518999216122340e-02 7.498632323579100664e-04
7.665486074759097157e+00 7.257215151766090167e-02 7.096638856939044195e-04
7.791149780902689059e+00 7.615814252576115495e-02 6.550540930431220012e-04
7.916813487046280962e+00 8.160132612776231642e-02 5.902896136924736014e-04
8.042477193189872864e+00 9.439573617510982340e-02 5.120372686139130309e-04
8.168140899333465654e+00 1.113855529134153977e-01 4.275176837076801861e-04
8.293804605477056668e+00 1.382960963583049208e-01 3.535498558322939622e-04
8.419468311620647683e+00 1.691168336943813522e-01 3.384353468357085312e-04
8.545132017764240473e+00 1.932192789049767268e-01 3.932719563083620848e-04
8.670795723907833263e+00 1.897548390086916947e-01 4.617460426634544955e-04
8.796459430051424278e+00 1.549004485270404630e-01 5.161682882216462112e-04
8.922123136195015292e+00 8.830899508259981712e-02 5.437639662518321858e-04
9.047786842338608082e+00 1.511329936021837440e-02 5.533538672851252534e-04
9.173450548482200873e+00 6.386115072703934387e-03 6.341890778935241595e-04
9.299114254625791887e+00 1.009201514338490258e-01 8.963987816551238384e-04
9.424777960769382901e+00 1.870085402869172131e-01 1.049723713931344617e-03
9.550441666912975691e+00 1.812106607053374785e-01 9.960643045707436895e-04
9.676105373056568482e+00 1.757799024770713425e-01 1.008721701142376330e-03
9.801769079200159496e+00 1.302622640333930271e-01 9.958765914451551439e-04
9.927432785343750510e+00 5.214020175207039615e-02 9.418192866322536204e-04
1.005309649148734330e+01 -3.932864345382890842e-02 8.210713349505934519e-04
1.017876019763093609e+01 -1.198497493414630993e-01 6.543084823776677958e-04
1.030442390377452710e+01 -1.544607162078177887e-01 4.595630263154992768e-04
1.043008760991811812e+01 -1.289190178660427344e-01 3.063691607166841766e-04
1.055575131606171091e+01 -4.044790981301323030e-02 4.011591161627693441e-04
1.068141502220530370e+01 9.112687188018453455e-02 7.756064224544569150e-04
1.080707872834889471e+01 2.981966440607817237e-01 1.371634310792484894e-03
1.093274243449248573e+01 3.618107826490102874e-01 1.788367022031139624e-03
1.105840614063607852e+01 1.955470004400771122e-01 2.083066561513876799e-03
