6.283185307179586232e+00 -1.354841548115206238e-04 2.340350931089532372e-05
6.471680866394973641e+00 -3.341723944688439402e-05 2.877953710716501848e-05
6.660176425610361051e+00 4.187246421913222530e-05 3.537454732046474453e-05
6.848671984825748460e+00 5.922717782267551006e-05 4.303717645901370293e-05
7.037167544041135869e+00 1.889684588799468690e-04 5.164337328112817560e-05
7.225663103256523279e+00 2.803804363218446441e-04 6.119272151633213346e-05
7.414158662471910688e+00 3.553212490189653554e-04 7.122159872840062682e-05
7.602654221687298097e+00 6.953944583824521160e-04 8.155473411810876304e-05
7.791149780902685507e+00 7.378097267698048968e-04 9.188407213203728487e-05
7.979645340118072916e+00 6.716890447874322798e-04 1.013969985170909541e-04
8.168140899333460325e+00 7.840521141522674257e-04 1.092516096795304682e-04
8.356636458548848623e+00 5.049446756502097263e-04 1.159830621761411793e-04
8.545132017764235144e+00 3.343443867543173021e-04 1.201624191460155767e-04
8.733627576979621665e+00 2.893863267787582247e-04 1.228479941749940224e-04
8.922123136195009963e+00 -3.759633058219855116e-04 1.241424431273807822e-04
9.110618695410398260e+00 -4.744889467076153652e-04 1.262274104223702934e-04
9.299114254625784781e+00 -6.526883156110820918e-04 1.313931822542283858e-04
9.487609813841171302e+00 -4.927165307002670741e-04 1.419286940756822775e-04
9.676105373056559600e+00 -5.568725170004204517e-05 1.590701742751445067e-04
9.864600932271947897e+00 4.338523910424349028e-04 1.800607966159427874e-04
1.005309649148733442e+01 9.054805461926480328e-04 2.004190348782955574e-04
1.024159205070272094e+01 2.769151328706180665e-05 2.147259077004647608e-04
1.043008760991810924e+01 -7.701546965232058646e-04 2.227513517843500044e-04
1.061858316913349753e+01 -5.863132410040608738e-04 2.367716487508982309e-04
1.080707872834888406e+01 -9.937760695736077600e-04 2.714599602087472484e-04
1.099557428756427058e+01 -8.386388385796373192e-04 3.115242530897273246e-04
