6.283185307179586232e+00 -2.191331612651099397e-06 4.032444348359515244e-05
6.408849013323178134e+00 -2.329660985916786632e-04 3.989315629679793826e-05
6.534512719466770037e+00 -2.634429235168768120e-04 3.927644463150837092e-05
6.660176425610361939e+00 -3.660758025600902108e-04 3.833201952171620523e-05
6.785840131753953841e+00 -5.400892462045855805e-04 3.711024245673327462e-05
6.911503837897545743e+00 -7.285084107003839647e-04 3.537550896094429842e-05
7.037167544041137646e+00 -9.778550264708996045e-04 3.330475435128099653e-05
7.162831250184729548e+00 -1.136819065800717806e-03 3.073327010430565367e-05
7.288494956328321450e+00 -1.393974700162899311e-03 2.784656351733026241e-05
7.414158662471913352e+00 -1.584719755121092016e-03 2.484173814812476160e-05
7.539822368615505255e+00 -1.752614012522009899e-03 2.233176219977023839e-05
7.665486074759097157e+00 -1.849988627846066262e-03 2.143808243038061319e-05
7.791149780902689059e+00 -1.870782495169730610e-03 2.345461182889885696e-05
7.916813487046280962e+00 -1.843776053121119578e-03 2.907825278424163706e-05
8.042477193189872864e+00 -1.488927827026134340e-03 3.792088000073970036e-05
8.168140899333465654e+00 -1.005381595423714526e-03 4.950842999779154514e-05
8.293804605477056668e+00 -2.405211323268368760e-04 6.357394815460816755e-05
8.419468311620647683e+00 9.183246702033180664e-04 7.991232896943707589e-05
8.545132017764240473e+00 2.398977246414331268e-03 9.864825493205217470e-05
8.670795723907833263e+00 4.028416085937240772e-03 1.193786766812595773e-04
8.796459430051424278e+00 5.975394328013722278e-03 1.417923128440311037e-04
8.922123136195015292e+00 7.859490441057520593e-03 1.651817963642414810e-04
9.047786842338608082e+00 9.722472007237767042e-03 1.878701299250332450e-04
9.173450548482200873e+00 1.001109977523935261e-02 2.088850295201460287e-04
9.299114254625791887e+00 1.011033234821354272e-02 2.254299654307460074e-04
9.424777960769382901e+00 8.966905942788610043e-03 2.356592771436294583e-04
9.550441666912975691e+00 7.596341353598617778e-03 2.387111431896588184e-04
