6.283185307179586232e+00 5.186243854575417478e-03 2.329141298664415478e-04
6.408849013323178134e+00 4.936617443686756521e-03 2.103910224819710768e-04
6.534512719466770037e+00 5.427154551151345922e-03 1.845749669441205693e-04
6.660176425610361939e+00 7.053267134416052291e-03 1.553982425516349508e-04
6.785840131753953841e+00 8.855263810018882201e-03 1.232819001365888158e-04
6.911503837897545743e+00 1.125022161996473008e-02 9.007046918500865803e-05
7.037167544041137646e+00 1.397402655574695937e-02 6.083724415074335135e-05
7.162831250184729548e+00 1.671040041009932281e-02 5.230833931471105488e-05
7.288494956328321450e+00 1.908348483111436261e-02 7.499238713555293387e-05
7.414158662471913352e+00 2.057803319051035307e-02 1.102777941502394943e-04
7.539822368615505255e+00 2.027981271958414697e-02 1.468929747195462353e-04
7.665486074759097157e+00 1.776875370309705798e-02 1.793340340957523050e-04
7.791149780902689059e+00 1.375906726019231717e-02 2.054202680033936966e-04
7.916813487046280962e+00 7.980001996760559962e-03 2.220976427865964495e-04
8.042477193189872864e+00 1.694932163088379946e-03 2.293209779050937684e-04
8.168140899333465654e+00 -2.333764626057771487e-03 2.260269880116872149e-04
8.293804605477056668e+00 -2.095184477707073920e-03 2.178891500551694081e-04
8.419468311620647683e+00 6.222700659934665354e-03 2.184791983992330705e-04
8.545132017764240473e+00 2.234247745283460609e-02 2.446020787840197407e-04
8.670795723907833263e+00 4.335631968746402748e-02 2.968393862673440330e-04
8.796459430051424278e+00 6.165998441822894555e-02 3.523503821795980536e-04
8.922123136195015292e+00 6.807295312185876468e-02 3.894007302422739631e-04
9.047786842338608082e+00 5.931011867608058930e-02 3.996448568695803874e-04
9.173450548482200873e+00 4.041397659219665012e-02 3.887468053464475512e-04
9.299114254625791887e+00 1.357026659975881476e-02 3.617565537501627728e-04
9.424777960769382901e+00 -1.323537934546904597e-02 3.211624685321742118e-04
9.550441666912975691e+00 -3.574850338160938390e-02 2.653495795672327576e-04
9.676105373056568482e+00 -5.043034330419542827e-02 1.948183585196944592e-04
9.801769079200159496e+00 -5.431069570861944001e-02 1.195145249065877131e-04
9.927432785343750510e+00 -4.600327695862163613e-02 1.033837850346461311e-04
1.005309649148734330e+01 -2.371326697419466958e-02 2.122533505322021980e-04
1.017876019763093609e+01 1.448057207579886430e-02 3.875443574308922042e-04
1.030442390377452710e+01 6.763314214293005000e-02 6.169540598924781998e-04
1.043008760991811812e+01 1.395403811817785833e-01 9.119375667601159778e-04
1.055575131606171091e+01 1.775890872836948520e-01 1.163482653331761709e-03
1.068141502220530370e+01 1.183543276535080763e-01 1.272361969926404882e-03
1.080707872834889471e+01 7.767379893497659837e-02 1.279274787104951912e-03
1.093274243449248573e+01 6.972733545098992736e-02 1.064037178877392598e-03
1.105840614063607852e+01 5.854846969533585715e-02 6.594828988545309257e-04
