1.000000000000000056e-01 1.500980928710588925e-08 2.193998888502420820e-09
1.356637061435917335e+00 1.988615534730139993e-06 4.065059137983840890e-07
2.613274122871834582e+00 8.985632589652694309e-06 1.580994455640878771e-06
3.869911184307751828e+00 1.836277282216039380e-05 3.874023695731225511e-06
5.126548245743668630e+00 1.513836918982714686e-05 7.962031216958799696e-06
6.383185307179585877e+00 -2.645942500771444186e-05 1.549682388746614293e-05
7.639822368615503123e+00 -6.026916521133646843e-05 2.972148932493006142e-05
8.896459430051420370e+00 -1.211729777113513444e-05 4.978971610185139454e-05
1.015309649148733762e+01 -5.264374204410739118e-05 6.509612645542722645e-05
1.140973355292325486e+01 -3.891046783601099130e-05 6.019426465821718956e-05
