6.283185307179586232e+00 7.531854936750896623e-03 1.868555171098588248e-04
6.408849013323178134e+00 7.469975475150005505e-03 1.664508837852229635e-04
6.534512719466770037e+00 7.919037590007501487e-03 1.437429523372437128e-04
6.660176425610361939e+00 8.958425863437388323e-03 1.185447200416276899e-04
6.785840131753953841e+00 9.832408538094077055e-03 9.115796102864083040e-05
6.911503837897545743e+00 1.091878054465837862e-02 6.203898926182533453e-05
7.037167544041137646e+00 1.202275304723661106e-02 3.166269446385330864e-05
7.162831250184729548e+00 1.311409308550099892e-02 4.768255385051912946e-06
7.288494956328321450e+00 1.428168885656338170e-02 3.150459379151469185e-05
7.414158662471913352e+00 1.554682453476636562e-02 6.190211168160724483e-05
7.539822368615505255e+00 1.729913592636821498e-02 9.168157425609783874e-05
7.665486074759097157e+00 1.987339893345597269e-02 1.223492148796072754e-04
7.791149780902689059e+00 2.473301819036267599e-02 1.555332497204751365e-04
7.916813487046280962e+00 3.278784282814908163e-02 1.957293217465568154e-04
8.042477193189872864e+00 4.301653084814645311e-02 2.447814525923377527e-04
8.168140899333465654e+00 5.618450771321051307e-02 3.017087885518817021e-04
8.293804605477056668e+00 6.762119127203837510e-02 3.602677811291736575e-04
8.419468311620647683e+00 7.580228392224777623e-02 4.156687228076844792e-04
8.545132017764240473e+00 7.893735842232385558e-02 4.669824475986772069e-04
8.670795723907833263e+00 7.768562530159067725e-02 5.132410204711012692e-04
8.796459430051424278e+00 7.200131189163652690e-02 5.509267569311377538e-04
8.922123136195015292e+00 6.032087461658031807e-02 5.752195875518582640e-04
9.047786842338608082e+00 4.457875977436186188e-02 5.809550413259049074e-04
9.173450548482200873e+00 2.901802251079021663e-02 5.648311943285124967e-04
9.299114254625791887e+00 9.027503739375579081e-03 5.229015761688282377e-04
9.424777960769382901e+00 -1.125618671390223209e-02 4.550863892737391108e-04
9.550441666912975691e+00 -3.044602469627780139e-02 3.607105576717944116e-04
9.676105373056568482e+00 -4.574930843037149086e-02 2.424090892068988558e-04
9.801769079200159496e+00 -5.373457817194766256e-02 1.098814707741019260e-04
9.927432785343750510e+00 -4.970136639894698338e-02 8.912826256639774639e-05
1.005309649148734330e+01 -2.941772828123327341e-02 2.515965606023900657e-04
1.017876019763093609e+01 7.237369750004677728e-03 4.443284832073472008e-04
1.030442390377452710e+01 5.187237060885315637e-02 6.544100206772731710e-04
1.043008760991811812e+01 8.943108294095013233e-02 8.609300270920082010e-04
1.055575131606171091e+01 -1.511115317829863081e-01 nan
1.068141502220530370e+01 -5.004344320386693301e-01 nan
1.080707872834889471e+01 -7.025980870258995425e-01 nan
1.093274243449248573e+01 nan nan
1.105840614063607852e+01 nan nan
