6.283185307179586232e+00 -4.476207362058993305e-03 2.701021268255505872e-04
6.408849013323178134e+00 -5.583665925299874724e-03 2.535715282542845149e-04
6.534512719466770037e+00 -6.006320580151855264e-03 2.370302796639724261e-04
6.660176425610361939e+00 -4.916054962357834478e-03 2.223819856104624238e-04
6.785840131753953841e+00 -3.592661072847799873e-03 2.113171547685406039e-04
6.911503837897545743e+00 -1.924997258597194779e-03 2.061273110529630772e-04
7.037167544041137646e+00 -5.734410121387799585e-05 2.074949119341713138e-04
7.162831250184729548e+00 1.307382872860226317e-03 2.145522770797871894e-04
7.288494956328321450e+00 2.410742221207496337e-03 2.251566530367702594e-04
7.414158662471913352e+00 4.000564211482294207e-03 2.374898658173126638e-04
7.539822368615505255e+00 4.873277560422479768e-03 2.500993079154808650e-04
7.665486074759097157e+00 6.634602903090233532e-03 2.614089085830295883e-04
7.791149780902689059e+00 9.148043169161935995e-03 2.749321234431094971e-04
7.916813487046280962e+00 1.090625025078464753e-02 2.899926368498884554e-04
8.042477193189872864e+00 1.157130183445167701e-02 3.070234657882964604e-04
8.168140899333465654e+00 9.586009813712005265e-03 3.223485159834452315e-04
8.293804605477056668e+00 3.865831623061807571e-03 3.328213245598319356e-04
8.419468311620647683e+00 -3.164087313047841878e-03 3.348282356756973957e-04
8.545132017764240473e+00 -1.086635896517133305e-02 3.240954238692181463e-04
8.670795723907833263e+00 -1.685628477314736473e-02 2.999933625090454316e-04
8.796459430051424278e+00 -1.759961970998921710e-02 2.528444042787801648e-04
8.922123136195015292e+00 -9.063089931777866537e-03 1.814143834335262440e-04
9.047786842338608082e+00 1.007555970159653390e-02 1.083533011496813072e-04
9.173450548482200873e+00 4.486268433592821570e-02 1.404343900259171255e-04
9.299114254625791887e+00 7.292887397322087017e-02 2.626532867953922383e-04
9.424777960769382901e+00 9.358779466206941511e-02 3.981983498717443673e-04
9.550441666912975691e+00 9.978002654051416898e-02 5.047977133975965021e-04
9.676105373056568482e+00 1.010212350432851125e-01 5.387423442912799877e-04
9.801769079200159496e+00 9.162131659468415734e-02 5.252078951694567639e-04
9.927432785343750510e+00 6.951851440217154954e-02 4.866006757300048386e-04
1.005309649148734330e+01 4.262661636834837176e-02 4.375759997254640853e-04
1.017876019763093609e+01 1.542178815521835604e-02 3.819016227736815030e-04
1.030442390377452710e+01 4.815986630848664396e-04 2.963040501751385133e-04
1.043008760991811812e+01 9.276034913915764957e-02 5.318263388163718772e-04
1.055575131606171091e+01 1.777718685883384886e-01 9.050649720206525731e-04
1.068141502220530370e+01 2.154551426904254552e-01 1.264454548450706867e-03
1.080707872834889471e+01 7.675380295528085040e-02 1.462135718359696204e-03
1.093274243449248573e+01 1.868166141248822354e-01 1.093466824194063228e-03
1.105840614063607852e+01 -2.728198743444651964e-01 1.316064482080592929e-03
