6.283185307179586232e+00 8.716539682682490978e-03 1.840361980230161140e-04
6.408849013323178134e+00 8.967806784470016765e-03 1.669417139721291799e-04
6.534512719466770037e+00 9.849634978893443207e-03 1.480532727182889920e-04
6.660176425610361939e+00 1.138273205937717289e-02 1.271974004537094539e-04
6.785840131753953841e+00 1.289241652316508793e-02 1.052274866313040200e-04
6.911503837897545743e+00 1.491682094869020182e-02 8.346224692466907452e-05
7.037167544041137646e+00 1.119878151228206539e-02 nan
7.162831250184729548e+00 3.245439334377229167e-03 nan
7.288494956328321450e+00 -6.966349041414847398e-03 nan
7.414158662471913352e+00 -1.933139655594324352e-02 nan
7.539822368615505255e+00 -2.663244975545310533e-02 nan
7.665486074759097157e+00 1.883202826612475830e-02 nan
7.791149780902689059e+00 6.482148555121394762e-02 nan
7.916813487046280962e+00 9.166445578779755521e-02 nan
8.042477193189872864e+00 7.567930400541036939e-02 3.633453568030990005e-04
8.168140899333465654e+00 8.613403296931863851e-02 4.277452209123944887e-04
8.293804605477056668e+00 9.369483843524922806e-02 4.916788104421421658e-04
8.419468311620647683e+00 9.885437639390752540e-02 5.515643588337585442e-04
8.545132017764240473e+00 9.974409411112571122e-02 6.035375666492957553e-04
8.670795723907833263e+00 9.646562729183896789e-02 6.422295577673629158e-04
8.796459430051424278e+00 8.991203055108443198e-02 6.669750479188989818e-04
8.922123136195015292e+00 7.915220759802536754e-02 6.769651592428130218e-04
9.047786842338608082e+00 6.674521807639334503e-02 6.704995554046978921e-04
9.173450548482200873e+00 1.809658205637559728e-03 nan
9.299114254625791887e+00 -2.839301810094396750e-02 nan
9.424777960769382901e+00 -3.670547212725479985e-02 nan
9.550441666912975691e+00 -3.419101787654051788e-02 nan
9.676105373056568482e+00 -2.936786658478366535e-02 nan
9.801769079200159496e+00 -2.469406531426451834e-02 nan
9.927432785343750510e+00 -1.826070100895750906e-02 nan
1.005309649148734330e+01 -3.095672997373896847e-03 1.607913741821933944e-04
1.017876019763093609e+01 1.696619486791134737e-02 3.478157681801562207e-04
1.030442390377452710e+01 4.523314800337949193e-02 5.513318695968116162e-04
1.043008760991811812e+01 -1.482364105934723397e-01 nan
1.055575131606171091e+01 -4.454804698171377919e-01 nan
1.068141502220530370e+01 -7.145275059609205170e-01 nan
1.080707872834889471e+01 nan nan
1.093274243449248573e+01 nan nan
1.105840614063607852e+01 nan nan
