6.283185307179586232e+00 1.671559938429485791e-04 4.854256149199004622e-05
6.471680866394973641e+00 5.183321307528047255e-05 4.775281780661286138e-05
6.660176425610361051e+00 -2.471137158556088167e-04 4.621381219065136915e-05
6.848671984825748460e+00 -4.838209948366926656e-04 4.380394252919539823e-05
7.037167544041135869e+00 -7.620710075733983044e-04 4.032794551891418308e-05
7.225663103256523279e+00 -1.127498493110982818e-03 3.585498917433168421e-05
7.414158662471910688e+00 -1.462381878567853679e-03 3.142859310941720224e-05
7.602654221687298097e+00 -1.664156517734620986e-03 2.962702027570276059e-05
7.791149780902685507e+00 -1.799886655911961571e-03 3.477604307795010912e-05
7.979645340118072916e+00 -1.632119407197154268e-03 4.874973659040752799e-05
8.168140899333460325e+00 -8.525947589044757498e-04 7.041091279982999648e-05
8.356636458548848623e+00 3.790596679408351870e-04 9.947816978439995750e-05
8.545132017764235144e+00 2.456514724710528921e-03 1.349969252377653840e-04
8.733627576979621665e+00 5.623437694638773812e-03 1.769437286225572709e-04
8.922123136195009963e+00 8.177379939620926450e-03 2.223857007180689023e-04
9.110618695410398260e+00 1.080933413906322652e-02 2.674605416350299761e-04
9.299114254625784781e+00 1.095743347418231921e-02 3.038198485355837969e-04
9.487609813841171302e+00 9.011509824938691154e-03 3.216199573136989463e-04
9.676105373056559600e+00 5.946555687524564260e-03 3.173432873483788565e-04
9.864600932271947897e+00 2.435784418265637703e-03 2.910163560268285224e-04
1.005309649148733442e+01 -7.400613834915454594e-04 2.538252664211450228e-04
1.024159205070272094e+01 -2.563777355622427062e-03 2.381699949719428243e-04
1.043008760991810924e+01 5.139942209471384457e-04 2.897405097350820797e-04
1.061858316913349753e+01 6.123176501899007737e-03 3.898652888291935081e-04
1.080707872834888406e+01 5.432837767506479634e-03 4.591468324283085327e-04
1.099557428756427058e+01 1.905489390495334213e-03 4.351246614985659965e-04
