0.000000000000000000e+00 0.000000000000000000e+00 0.000000000000000000e+00
6.283185307179586232e-01 -5.181429981382634720e-06 9.935065912346562132e-08
1.256637061435917246e+00 -2.078106562727242857e-05 3.907062046215315250e-07
1.884955592153875870e+00 -4.724381188249694279e-05 8.579210170204123081e-07
2.513274122871834493e+00 -8.544159392605979258e-05 1.487335516338007243e-06
3.141592653589793116e+00 -1.322908798150192558e-04 2.280888285352415903e-06
3.769911184307751739e+00 -2.014501184974022566e-04 3.270522198036551290e-06
4.398229715025710362e+00 -2.777879407721723921e-04 4.518130085076513932e-06
5.026548245743668986e+00 -3.748503393293358744e-04 6.126560809516856493e-06
5.654866776461627609e+00 -4.693443605086838433e-04 8.286728954783901464e-06
6.283185307179586232e+00 -5.549967137725150346e-04 1.132809582223826391e-05
6.911503837897544855e+00 -6.379842352237942958e-04 1.571053995553207218e-05
7.539822368615503478e+00 -6.933493467995255170e-04 2.181063629051027060e-05
8.168140899333462102e+00 -6.380905770948625769e-04 2.951088738440724136e-05
8.796459430051420725e+00 -6.788789056955875931e-04 3.811291189664954440e-05
9.424777960769379348e+00 -5.033935944679763467e-04 4.642122263057756938e-05
1.005309649148733797e+01 -3.283021627838032981e-04 5.276292042989018377e-05
1.068141502220529659e+01 -2.092186111657444252e-04 5.523986637409531965e-05
1.130973355292325522e+01 -2.241795106945056420e-04 5.319972718127175118e-05
1.193805208364121384e+01 -8.118488951597320553e-06 4.743814772463602665e-05
1.256637061435917246e+01 8.310024919450033188e-06 3.976171942200139710e-05
1.319468914507713109e+01 -3.932907987392244707e-05 3.180397719261939812e-05
1.382300767579508971e+01 -9.057098372136205449e-05 2.476811420886377535e-05
1.445132620651304833e+01 -6.609926988145494429e-05 nan
1.507964473723100696e+01 -6.037702410224527974e-05 nan
1.570796326794896558e+01 -6.692554926482685899e-05 nan
1.633628179866692420e+01 -1.080142450456918673e-04 nan
1.696460032938488283e+01 -1.493465857769203675e-04 nan
1.759291886010284145e+01 -1.137751919889877782e-04 nan
1.822123739082080007e+01 -1.193629955899694610e-04 nan
1.884955592153875870e+01 -1.351434479112203514e-04 1.745482975007353672e-05
1.947787445225671732e+01 -9.898185837038507183e-05 1.709423949704511994e-05
