6.283185307179586232e+00 4.736189719668734352e-03 2.349088894689256319e-04
6.408849013323178134e+00 4.437972569054769549e-03 2.125179529750708838e-04
6.534512719466770037e+00 4.864343932197721064e-03 1.869321658642163013e-04
6.660176425610361939e+00 6.440696327462139097e-03 1.581863647152825987e-04
6.785840131753953841e+00 8.192229572162656320e-03 1.268658411090298232e-04
6.911503837897545743e+00 1.051782303819371461e-02 9.519274532699533180e-05
7.037167544041137646e+00 1.316051290378230168e-02 6.871973056440435900e-05
7.162831250184729548e+00 1.578073456027554583e-02 6.199147403897302931e-05
7.288494956328321450e+00 1.801564232671510821e-02 8.257933467081656897e-05
7.414158662471913352e+00 1.939808014637181902e-02 1.159621322661431322e-04
7.539822368615505255e+00 1.896098865944555525e-02 1.516037472174186008e-04
7.665486074759097157e+00 1.638705312610396966e-02 1.834683771909262242e-04
7.791149780902689059e+00 1.240463803999353708e-02 2.094478631751828354e-04
7.916813487046280962e+00 6.708277546071786217e-03 2.260942178763992213e-04
8.042477193189872864e+00 6.908578666679091127e-04 2.332718683528421969e-04
8.168140899333465654e+00 -3.050804559731349220e-03 2.294472155247615310e-04
8.293804605477056668e+00 -2.523664244836480632e-03 2.198756505789182570e-04
8.419468311620647683e+00 5.945472464537942224e-03 2.174170229590704042e-04
8.545132017764240473e+00 2.191122904204655109e-02 2.392635496624569104e-04
8.670795723907833263e+00 4.249054920676234581e-02 2.877957757958628585e-04
8.796459430051424278e+00 6.025715721840867178e-02 3.409271704928978322e-04
8.922123136195015292e+00 6.647324244430068141e-02 3.769681028738281489e-04
9.047786842338608082e+00 5.785870337862520502e-02 3.870753673429276316e-04
9.173450548482200873e+00 3.939870019169950527e-02 3.762270922455390352e-04
9.299114254625791887e+00 1.322526573205998375e-02 3.492354372562582053e-04
9.424777960769382901e+00 -1.291327070930516768e-02 3.088957390965744185e-04
9.550441666912975691e+00 -3.463649094524133554e-02 2.536229113678984174e-04
9.676105373056568482e+00 -4.846235437323546946e-02 1.837069368660197190e-04
9.801769079200159496e+00 -5.176793188530308398e-02 1.070856687646581083e-04
9.927432785343750510e+00 -4.312110716529123089e-02 8.901103867130108439e-05
1.005309649148734330e+01 -2.104204463381424001e-02 1.999406549766056260e-04
1.017876019763093609e+01 1.637210157963173499e-02 3.730980266992452296e-04
1.030442390377452710e+01 6.813314527685010447e-02 5.990896539930275081e-04
1.043008760991811812e+01 1.384477535345876031e-01 8.919365952564582397e-04
1.055575131606171091e+01 1.760358138386470539e-01 1.143553558040950749e-03
1.068141502220530370e+01 1.168127914402252443e-01 1.251880177560099573e-03
1.080707872834889471e+01 -2.056085046632305235e-01 nan
1.093274243449248573e+01 -8.827757329895541405e-02 nan
1.105840614063607852e+01 6.026914395356054721e-02 6.461601749515714661e-04
