6.283185307179586232e+00 1.269463173457545879e-04 4.857808250527630080e-05
6.471680866394973641e+00 6.910671573187760810e-06 4.774018916446663637e-05
6.660176425610361051e+00 -2.945020365246408221e-04 4.613856369988788577e-05
6.848671984825748460e+00 -5.301521234245459629e-04 4.365771019087060200e-05
7.037167544041135869e+00 -8.038530779794870063e-04 4.011045403069551425e-05
7.225663103256523279e+00 -1.159831418592806090e-03 3.558331447163098107e-05
7.414158662471910688e+00 -1.483949982736104114e-03 3.113795176687522942e-05
7.602654221687298097e+00 -1.674950903977791847e-03 2.938314588893739480e-05
7.791149780902685507e+00 -1.797638442687994392e-03 3.464039002516929321e-05
7.979645340118072916e+00 -1.617607448022803825e-03 4.869288723658324146e-05
8.168140899333460325e+00 -8.292786793188863239e-04 7.036209169897225603e-05
8.356636458548848623e+00 4.030957314397383830e-04 9.936186073306224381e-05
8.545132017764235144e+00 2.463866761647389575e-03 1.347041186357492853e-04
8.733627576979621665e+00 5.582736243830746861e-03 1.763134882865367370e-04
8.922123136195009963e+00 8.049696432787255967e-03 2.211793694006982671e-04
9.110618695410398260e+00 1.055483413496708517e-02 2.653528538618526457e-04
9.299114254625784781e+00 1.060366195010721026e-02 3.005410903039686566e-04
9.487609813841171302e+00 8.678897139258703181e-03 3.173001331542095699e-04
9.676105373056559600e+00 5.686216699851144064e-03 3.124494191907295081e-04
9.864600932271947897e+00 2.256547782921029897e-03 2.861305461540857692e-04
1.005309649148733442e+01 -8.179657397302868239e-04 2.495786095039607857e-04
1.024159205070272094e+01 -2.529513758625711456e-03 2.352222530248642091e-04
1.043008760991810924e+01 5.337739842575247402e-04 2.875118580660502936e-04
1.061858316913349753e+01 5.949401662770039366e-03 3.865845515567406391e-04
1.080707872834888406e+01 5.112184815583082492e-03 4.541598722145575640e-04
1.099557428756427058e+01 1.694984993911059215e-03 4.303167594915942675e-04
