1.000000000000000056e-01 3.008127582611242524e-09 2.207602243172756041e-09
1.356637061435917335e+00 1.017606081229824221e-07 4.085260765418508666e-07
2.613274122871834582e+00 6.233286923962590471e-06 1.582156004030910281e-06
3.869911184307751828e+00 2.104062964335948739e-06 3.865239735934988530e-06
5.126548245743668630e+00 -3.171395073412331122e-05 7.951004528298060830e-06
6.383185307179585877e+00 4.576959169423092599e-05 1.537913788640601789e-05
7.639822368615503123e+00 4.926269441003678833e-06 2.943125084714123243e-05
8.896459430051420370e+00 7.364577823444466449e-05 4.951509507054859080e-05
1.015309649148733762e+01 -7.393867652489835368e-05 6.487718605595290723e-05
1.140973355292325486e+01 -6.563765551959999513e-05 6.007044407693985869e-05
