6.283185307179586232e+00 2.199138498845601419e-01 7.153293021916342460e-04
6.408849013323178134e+00 2.260927264562733185e-01 7.558656511162403389e-04
6.534512719466770037e+00 2.223152731464703713e-01 7.969199985907544567e-04
6.660176425610361939e+00 2.246399589221942383e-01 8.605739687655121484e-04
6.785840131753953841e+00 2.312467803909380726e-01 9.405036453417181920e-04
6.911503837897545743e+00 2.314299516197323991e-01 1.011561035181489029e-03
7.037167544041137646e+00 2.245383820531503816e-01 1.068119391043484022e-03
7.162831250184729548e+00 2.116814146389793816e-01 1.111002955752865779e-03
7.288494956328321450e+00 1.944094821306941445e-01 1.145610690630145985e-03
7.414158662471913352e+00 1.796400634705924426e-01 1.176327282554561360e-03
7.539822368615505255e+00 1.605301967255086393e-01 1.206441013180742459e-03
7.665486074759097157e+00 1.465891711190162872e-01 1.229407434333067411e-03
7.791149780902689059e+00 1.369101637191128817e-01 1.255957459175203756e-03
7.916813487046280962e+00 1.276556000692501414e-01 1.280153961153948118e-03
8.042477193189872864e+00 1.263550881760212574e-01 1.301449024983687740e-03
8.168140899333465654e+00 1.270699122855864782e-01 1.317537275334109163e-03
8.293804605477056668e+00 1.327589263299551736e-01 1.331016027300675145e-03
8.419468311620647683e+00 1.485366626084054231e-01 1.333510018405741765e-03
8.545132017764240473e+00 1.714961867819745911e-01 1.332393427256254974e-03
8.670795723907833263e+00 2.047034624896502397e-01 1.315864858438086380e-03
8.796459430051424278e+00 2.467674204851974529e-01 1.285933387438195847e-03
8.922123136195015292e+00 3.070638553071997623e-01 1.230868190973169332e-03
9.047786842338608082e+00 3.899787406122852129e-01 1.158886525726025244e-03
9.173450548482200873e+00 5.196395949671737124e-01 1.122849472844493794e-03
9.299114254625791887e+00 6.875748752459011071e-01 1.176775635855598122e-03
9.424777960769382901e+00 7.168713954986558612e-01 1.110338499901926922e-03
9.550441666912975691e+00 5.575513949017254500e-01 9.291279020438988553e-04
9.676105373056568482e+00 2.921595921098441018e-01 8.241692696779524168e-04
9.801769079200159496e+00 4.644288371679488603e-01 1.840570815490671659e-03
9.927432785343750510e+00 4.640715568023187632e-01 2.215723096130963604e-03
1.005309649148734330e+01 4.206154893988755528e-01 2.295527328922454275e-03
1.017876019763093609e+01 3.683850571466520396e-01 2.165998280701434027e-03
1.030442390377452710e+01 3.390144374129768767e-01 2.045366094937234574e-03
1.043008760991811812e+01 2.741826761628152198e-01 1.863597189510306793e-03
1.055575131606171091e+01 1.041752615852720998e-01 1.496301166966009606e-03
1.068141502220530370e+01 -1.840551921402394375e-01 9.061008174232293259e-04
1.080707872834889471e+01 -3.888486904520421228e-01 7.831720993237254076e-04
1.093274243449248573e+01 -1.337619935152560557e-01 1.282341951056964078e-03
1.105840614063607852e+01 2.993245906303943493e-01 2.000484947976591179e-03
