6.283185307179586232e+00 1.816438447373739859e-04 1.166362239201640128e-04
6.408849013323178134e+00 7.649538306374678446e-05 1.167536077051088759e-04
6.534512719466770037e+00 -2.334091146816898860e-04 1.157254882853693935e-04
6.660176425610361939e+00 -8.916341508046938548e-05 1.137278498970275420e-04
6.785840131753953841e+00 1.176135981967942507e-04 1.105535715233359916e-04
6.911503837897545743e+00 4.079451082365090006e-04 1.063354518286060280e-04
7.037167544041137646e+00 9.483733547494748806e-04 1.017421001813976312e-04
7.162831250184729548e+00 1.650360447322809241e-03 9.733312140032285720e-05
7.288494956328321450e+00 2.510127904487700033e-03 9.435663285221563494e-05
7.414158662471913352e+00 3.765599667853065501e-03 9.418955114706902573e-05
7.539822368615505255e+00 4.745696457918817217e-03 9.782074597267511956e-05
7.665486074759097157e+00 5.644116738791586305e-03 1.040782745655190314e-04
7.791149780902689059e+00 6.327354732554175618e-03 1.127511389511403939e-04
7.916813487046280962e+00 6.175813007716037493e-03 1.212111610875182859e-04
8.042477193189872864e+00 5.018797432365770979e-03 1.281836269326567515e-04
8.168140899333465654e+00 3.119200332191277882e-03 1.317129981703147159e-04
8.293804605477056668e+00 -1.269460209969561681e-04 1.304404201265804480e-04
8.419468311620647683e+00 -3.393050495793086593e-03 1.242660707294233142e-04
8.545132017764240473e+00 -7.190902130633009502e-03 1.123113021151045426e-04
8.670795723907833263e+00 -1.055183150353310867e-02 9.489452086569389515e-05
8.796459430051424278e+00 -1.339721154959546030e-02 7.218187008372278172e-05
8.922123136195015292e+00 -1.503651761674054156e-02 4.693585241756185339e-05
9.047786842338608082e+00 -1.506239368487186439e-02 3.589200604149850662e-05
9.173450548482200873e+00 -1.286880670831512356e-02 6.462512437235678607e-05
9.299114254625791887e+00 -8.563206968437200514e-03 1.149402598694989605e-04
9.424777960769382901e+00 -9.963225037758322543e-04 1.778976450922700964e-04
9.550441666912975691e+00 9.496284570808364786e-03 2.529728585809949996e-04
9.676105373056568482e+00 2.251366454147468374e-02 3.417670105002674672e-04
9.801769079200159496e+00 3.929321951560137832e-02 4.444808988221297615e-04
9.927432785343750510e+00 5.258508060158665481e-02 5.520488263114716907e-04
1.005309649148734330e+01 5.590514120573318591e-02 6.405225335148060414e-04
1.017876019763093609e+01 4.510089036739477197e-02 6.855629892880325902e-04
1.030442390377452710e+01 3.186382354711514431e-02 6.850660982899793626e-04
1.043008760991811812e+01 2.445539815050096558e-02 6.314155681142465896e-04
1.055575131606171091e+01 1.621828745977678399e-02 5.311677054535707005e-04
1.068141502220530370e+01 7.953210758245825990e-03 3.952980334058783058e-04
1.080707872834889471e+01 4.431364677139880762e-03 3.176512912217283849e-04
1.093274243449248573e+01 1.216215862465093445e-02 4.686401948097692130e-04
1.105840614063607852e+01 1.996548295025711919e-02 7.193342152072678807e-04
