1.000000000000000056e-01 3.580918569019466425e-09 2.210645701437125281e-09
7.283185307179586010e-01 -7.521694034562052978e-08 1.173779336722856851e-07
1.356637061435917335e+00 1.680557570925524825e-07 4.090462741022846912e-07
1.984955592153875958e+00 4.750305681484971924e-07 8.870186630379179379e-07
2.613274122871834582e+00 1.928414971106069093e-06 1.581008405430592036e-06
3.241592653589793205e+00 4.596209527350094465e-06 2.544169873952988312e-06
3.869911184307751828e+00 -5.750735722037373254e-06 3.848938583110334083e-06
4.498229715025710007e+00 -1.038668458228596699e-05 5.586391240657695655e-06
5.126548245743668630e+00 -3.271485056776816730e-05 7.876869027019189857e-06
5.754866776461627254e+00 -5.199723586814201785e-05 1.099088250823687589e-05
6.383185307179585877e+00 -7.191136863362833907e-05 1.534186117128201484e-05
7.011503837897544500e+00 -8.466319461562445039e-05 2.140646109260071730e-05
7.639822368615503123e+00 -8.452985962565137234e-05 2.945725065696871151e-05
8.268140899333461746e+00 -4.969860814208698750e-06 3.916625170039312351e-05
8.896459430051420370e+00 -1.168797629941330203e-04 4.946430478465499919e-05
9.524777960769378993e+00 -5.339647156105667067e-05 5.877414856730024347e-05
1.015309649148733762e+01 -3.294367011004237916e-05 6.490021060856446136e-05
1.078141502220529624e+01 -3.339592206138987589e-06 6.553970797251197893e-05
1.140973355292325486e+01 -1.565885305758024898e-04 6.008008865276489875e-05
1.203805208364121349e+01 2.140484871345641398e-05 4.989654311639447345e-05
1.266637061435917211e+01 1.596891490812677456e-05 3.772541060159515956e-05
1.329468914507713073e+01 -1.356036207433337615e-05 2.603678008393163731e-05
1.392300767579508936e+01 -1.572179171823270515e-05 1.696384178100398862e-05
1.455132620651304798e+01 1.900483426841123697e-05 1.292669613255121536e-05
1.517964473723100660e+01 1.449159667190704330e-05 1.432201630878496631e-05
1.580796326794896522e+01 7.404314700108027990e-07 1.766843813581447475e-05
1.643628179866692562e+01 -7.070711242307098395e-06 2.074037002607440506e-05
1.706460032938488425e+01 1.056372120396098060e-06 2.294197096986639182e-05
1.769291886010284287e+01 2.010773891866890671e-05 2.421774969346338459e-05
1.832123739082080149e+01 2.894549172434992979e-05 2.468458739170745764e-05
1.894955592153876012e+01 -8.936355124578095703e-06 2.448640439914424321e-05
1.957787445225671874e+01 2.380182221958494648e-05 2.375536539977676645e-05
