6.283185307179586232e+00 -1.923224470147726593e-03 2.458105388387350852e-04
6.408849013323178134e+00 -2.903594416765080139e-03 2.302318171941404124e-04
6.534512719466770037e+00 -3.331646530084958306e-03 2.135619401486884975e-04
6.660176425610361939e+00 -2.468535733384539729e-03 1.963527592906156043e-04
6.785840131753953841e+00 -1.349432150725187558e-03 1.789816523288317797e-04
6.911503837897545743e+00 4.780833208901349627e-04 1.629251945565112988e-04
7.037167544041137646e+00 3.100557280523438125e-03 1.496759953869353308e-04
7.162831250184729548e+00 6.143183735028779138e-03 1.423155738940419437e-04
7.288494956328321450e+00 9.837916387470837035e-03 1.444771482694568582e-04
7.414158662471913352e+00 1.400709623646597714e-02 1.582975635109137185e-04
7.539822368615505255e+00 1.698231547702260327e-02 1.823585790621632145e-04
7.665486074759097157e+00 1.861866030956719001e-02 2.107281801135648021e-04
7.791149780902689059e+00 1.839145854492578100e-02 2.403935603421850195e-04
7.916813487046280962e+00 1.483851799515622898e-02 2.653610440803930723e-04
8.042477193189872864e+00 8.292074769423033939e-03 2.835359456695719081e-04
8.168140899333465654e+00 -6.982281121716486620e-04 2.906106757391087227e-04
8.293804605477056668e+00 -1.140318106647474419e-02 2.849298471292427393e-04
8.419468311620647683e+00 -1.938533005712259408e-02 2.639628827483153270e-04
8.545132017764240473e+00 -2.259291594436006398e-02 2.260337410655919438e-04
8.670795723907833263e+00 -1.644968804548773561e-02 1.773863538095051028e-04
8.796459430051424278e+00 9.942796740695148718e-04 1.501473213684097457e-04
8.922123136195015292e+00 2.828694204766209891e-02 2.000383913046493121e-04
9.047786842338608082e+00 5.579771128931566848e-02 2.911829938809673449e-04
9.173450548482200873e+00 7.668667470819780230e-02 3.730538516622372417e-04
9.299114254625791887e+00 8.357137111733355106e-02 4.238630795733234796e-04
9.424777960769382901e+00 7.855457751107325359e-02 4.379903470544936769e-04
9.550441666912975691e+00 6.429369237663772052e-02 4.192482666929895187e-04
9.676105373056568482e+00 4.663811681908563295e-02 3.739904028240960084e-04
9.801769079200159496e+00 3.054178633097346524e-02 3.086224845425511432e-04
9.927432785343750510e+00 1.802137127117901805e-02 2.298858605754721155e-04
1.005309649148734330e+01 1.453847219169533689e-02 1.559545920563730622e-04
1.017876019763093609e+01 2.573300945118661698e-02 1.757692351250855702e-04
1.030442390377452710e+01 6.535277347195120323e-02 3.826011353730211610e-04
1.043008760991811812e+01 1.379260285331931069e-01 7.158825584434736888e-04
1.055575131606171091e+01 1.745958586453271177e-01 1.033380504469842611e-03
1.068141502220530370e+01 2.083541539829857347e-01 1.369439094014053343e-03
1.080707872834889471e+01 1.154429360154123202e-01 1.362816578559262982e-03
1.093274243449248573e+01 8.164818527878400789e-02 1.209272243197323125e-03
1.105840614063607852e+01 2.922647990721123287e-02 7.255418939264449227e-04
