6.283185307179586232e+00 2.818808995611673390e-02 3.386984759880109575e-04
6.408849013323178134e+00 2.925260528471992222e-02 3.360509320077094083e-04
6.534512719466770037e+00 3.168424484677220820e-02 3.340985685699351775e-04
6.660176425610361939e+00 3.485171185095692348e-02 3.322008659967415453e-04
6.785840131753953841e+00 3.758577652770124511e-02 3.315490099336117604e-04
6.911503837897545743e+00 4.108807004443670169e-02 3.323547310733921279e-04
7.037167544041137646e+00 4.475367897025043368e-02 3.358917268335394812e-04
7.162831250184729548e+00 4.824144479816311337e-02 3.424568916385666798e-04
7.288494956328321450e+00 5.325634598723003044e-02 3.518959472187268667e-04
7.414158662471913352e+00 5.745894158562676879e-02 3.656291480829711974e-04
7.539822368615505255e+00 6.315388117715257932e-02 3.849669961295023300e-04
7.665486074759097157e+00 6.872605365962287938e-02 4.066077386907808173e-04
7.791149780902689059e+00 7.369665543726398871e-02 4.340969036809041678e-04
7.916813487046280962e+00 7.997265059742006410e-02 4.649364715371730183e-04
8.042477193189872864e+00 8.440010105326707646e-02 4.987338974947311048e-04
8.168140899333465654e+00 8.961293387160189361e-02 5.344128879840394407e-04
8.293804605477056668e+00 9.374020555648923669e-02 5.727026005065058694e-04
8.419468311620647683e+00 9.624240579533299700e-02 6.096740154468767870e-04
8.545132017764240473e+00 9.765680656521089076e-02 6.462199638655400768e-04
8.670795723907833263e+00 9.733631857347913030e-02 6.785936782478978538e-04
8.796459430051424278e+00 9.572268201874016558e-02 7.065749059302209919e-04
8.922123136195015292e+00 8.915041723348819669e-02 7.287877505336346450e-04
9.047786842338608082e+00 8.054091948985389604e-02 7.421784209346170454e-04
9.173450548482200873e+00 7.231060844959570633e-02 7.442745261952453178e-04
9.299114254625791887e+00 5.818936664797702552e-02 7.327452726516799119e-04
9.424777960769382901e+00 4.324766839430856102e-02 7.052173805099808991e-04
9.550441666912975691e+00 2.743712361819576964e-02 6.599458309820886931e-04
9.676105373056568482e+00 1.267127621804941227e-02 5.944104673981345961e-04
9.801769079200159496e+00 5.337595703384955849e-04 5.079807768925804308e-04
9.927432785343750510e+00 -9.736908462606910092e-03 4.040800729111532100e-04
1.005309649148734330e+01 -1.394913322559949292e-02 2.921281969278828063e-04
1.017876019763093609e+01 -1.153471129901971828e-02 2.170009010142888027e-04
1.030442390377452710e+01 -4.600375489599811511e-03 2.637776091590495159e-04
1.043008760991811812e+01 6.069707750067973584e-03 4.069503063788418372e-04
1.055575131606171091e+01 1.641242339641237058e-02 5.739377917737255265e-04
1.068141502220530370e+01 2.195138362115641242e-02 7.301801821799719329e-04
1.080707872834889471e+01 2.054017683956941426e-02 8.526586534082726456e-04
1.093274243449248573e+01 1.475609688404091319e-02 9.317194707156467061e-04
1.105840614063607852e+01 7.382756033254681861e-03 9.748992705495946546e-04
